0 0.171906 0.239645 0.108055 0.147929
1 0.338900 0.232249 0.174853 0.121302
1 0.512770 0.229290 0.141454 0.103550
1 0.660118 0.230769 0.133595 0.100592
1 0.818271 0.242604 0.166994 0.118343
1 0.149312 0.386095 0.141454 0.097633
1 0.335953 0.387574 0.208251 0.142012
1 0.514735 0.389053 0.137525 0.097633
1 0.154224 0.720414 0.123772 0.127219
1 0.334971 0.714497 0.123772 0.127219
1 0.513752 0.755917 0.123772 0.127219
1 0.657171 0.559172 0.119843 0.118343
1 0.816306 0.573964 0.119843 0.118343
1 0.335953 0.548817 0.208251 0.144970
2 0.151277 0.551775 0.141454 0.192308
1 0.516699 0.572485 0.133595 0.239645
